<?xml version="1.0"?>
<opencv_storage>
<vocabulary type_id="opencv-matrix">
  <rows>50</rows>
  <cols>64</cols>
  <dt>f</dt>
  <data>
    2.73510977e-003 -6.42564846e-004 5.42077096e-003 4.04618727e-003
    1.21234013e-002 8.69371556e-003 4.03693803e-002 3.62087972e-002
    -3.07536833e-002 1.99087914e-002 4.70043048e-002 4.18182239e-002
    7.55953137e-004 -3.38063910e-005 4.96669486e-003 4.32770606e-003
    7.29065295e-003 4.23527381e-004 3.45217399e-002 2.39336491e-002
    3.22861522e-001 4.81126532e-002 3.80180925e-001 1.66443482e-001
    -2.06461266e-001 2.35499278e-001 2.87305534e-001 2.77739972e-001
    -1.27189113e-002 3.65957096e-002 4.52658013e-002 4.58455496e-002
    6.02138881e-003 1.15161529e-002 3.24367918e-002 2.58341637e-002
    2.87683785e-001 -9.55961924e-003 3.41327399e-001 1.67403311e-001
    2.98979823e-002 1.45349046e-002 2.11501732e-001 1.75788626e-001
    -1.65796895e-002 2.83682104e-002 4.05773968e-002 3.83885764e-002
    1.90243253e-003 2.23534391e-003 5.24504995e-003 4.61507821e-003
    2.18140036e-002 1.21854981e-002 3.99163142e-002 3.44019718e-002
    1.80783756e-002 2.38295761e-003 3.34137902e-002 3.14955451e-002
    -1.32711942e-003 7.55571120e-004 4.98321000e-003 4.62116161e-003
    -4.57714050e-004 1.66014372e-003 5.21626230e-003 5.03981719e-003
    3.40371057e-002 7.82455597e-003 5.16689271e-002 2.96747014e-002
    1.94383189e-002 2.15362646e-002 3.88410538e-002 3.36921290e-002
    -1.67329086e-003 5.33048995e-003 6.78479858e-003 7.39323301e-003
    -1.76245777e-003 1.60721373e-002 3.98635976e-002 3.17300595e-002
    9.92199332e-002 -2.22671428e-003 3.07588220e-001 1.68923765e-001
    3.03564399e-001 -1.98223963e-002 3.48855048e-001 1.37598500e-001
    3.80410813e-003 1.40527161e-002 3.08142211e-002 2.30501629e-002
    1.12821744e-003 9.62584000e-003 3.93103994e-002 2.76437402e-002
    -6.28173351e-002 7.34041482e-002 2.87482232e-001 1.53274313e-001
    4.23076928e-001 5.01328260e-002 4.49073970e-001 1.22441843e-001
    4.40187426e-003 4.04938357e-003 2.75829490e-002 1.93922203e-002
    -6.44666958e-004 -2.56575004e-004 5.16446307e-003 4.17745812e-003
    5.86615992e-004 3.65960575e-003 4.24690768e-002 2.70281900e-002
    4.65310141e-002 -1.19545811e-003 5.54583631e-002 2.70715896e-002
    1.22255890e-003 -9.30208946e-004 4.50612791e-003 3.86173907e-003
    4.18972952e-004 -2.97287479e-004 4.65665432e-003 3.97929363e-003
    1.64280944e-002 -3.59178917e-003 3.72145437e-002 3.09118889e-002
    6.64119283e-003 -1.05302804e-003 4.72513922e-002 3.37641127e-002
    1.03597100e-004 4.38031362e-004 6.37437403e-003 4.79021994e-003
    -7.71357270e-004 -2.92598084e-003 3.66623849e-002 2.05615107e-002
    2.34699085e-001 2.35980786e-002 3.31132740e-001 1.29341692e-001
    -5.33575453e-002 2.50870138e-002 4.51383919e-001 1.66922063e-001
    5.39391302e-003 -2.15788861e-003 4.98824827e-002 2.92311981e-002
    -1.88007765e-003 2.33717053e-003 3.72095369e-002 2.08939407e-002
    2.51672477e-001 -2.62950715e-002 3.29453290e-001 1.27423629e-001
    -1.05555102e-001 -5.91792166e-002 4.22301084e-001 1.74919158e-001
    8.06781091e-003 -5.62721957e-003 4.81064245e-002 2.78168619e-002
    -3.26311245e-004 1.29990594e-003 5.53786708e-003 4.10055369e-003
    1.54148024e-002 2.70251022e-003 3.60965393e-002 2.60999575e-002
    1.08738081e-003 -1.03902735e-003 4.29715104e-002 2.92248130e-002
    3.94485716e-004 1.65288555e-004 5.77246118e-003 4.03416343e-003
    -4.62541881e-004 -2.45286664e-003 5.35953464e-003 5.41957188e-003
    3.90121341e-002 -1.08150030e-002 5.38174585e-002 5.22372760e-002
    8.83857533e-003 2.39519831e-002 6.12189211e-002 6.68606609e-002
    -1.17432827e-003 1.53457432e-003 7.28697656e-003 7.63351051e-003
    -5.77724166e-003 -5.29126357e-003 3.61541957e-002 2.81255282e-002
    2.85657942e-001 4.11505724e-004 3.52209538e-001 2.30469406e-001
    3.61773148e-002 -1.59207597e-001 3.55669200e-001 3.62077236e-001
    6.69903727e-003 -1.68211088e-002 5.57445325e-002 4.92400005e-002
    3.07093048e-003 2.07699719e-003 3.37176584e-002 2.73543671e-002
    1.53667092e-001 -5.77695072e-002 2.50758439e-001 2.06612080e-001
    5.77745102e-002 -6.99851513e-002 2.34408244e-001 2.08952934e-001
    1.37637975e-002 -7.14002294e-004 4.33412120e-002 3.68010961e-002
    1.78835529e-004 8.86554772e-004 5.26706129e-003 5.32694813e-003
    1.66829769e-002 5.67555567e-003 3.17031480e-002 3.35733257e-002
    1.02270730e-002 8.51480383e-003 3.23347449e-002 3.85430939e-002
    9.52819944e-004 -9.87188178e-005 5.59930829e-003 5.79618476e-003
    3.25909886e-003 -4.89468861e-004 5.34607284e-003 4.65384405e-003
    1.76694468e-002 3.48415517e-004 3.30340713e-002 3.11526619e-002
    1.65962335e-002 1.14311706e-002 3.20607834e-002 2.80830320e-002
    -6.82775746e-004 3.23568890e-003 4.50698566e-003 4.87378705e-003
    1.62960663e-002 -1.34310583e-002 3.65878530e-002 3.15424427e-002
    2.92870194e-001 5.32079153e-002 3.44759345e-001 2.09320992e-001
    1.07338868e-001 1.24697432e-001 1.71109065e-001 1.68459073e-001
    -1.96770672e-003 6.69123139e-003 1.98706798e-002 1.60900187e-002
    8.52201786e-003 -4.57727909e-003 3.23498026e-002 2.54292265e-002
    4.88474488e-001 -6.84785545e-002 5.10564804e-001 1.66132480e-001
    3.81931514e-002 1.09392055e-003 1.08144350e-001 7.68305212e-002
    -3.79362726e-003 8.50498211e-004 1.76435634e-002 1.21790925e-002
    1.32372079e-003 1.00296433e-003 4.41845926e-003 4.01041051e-003
    5.83011508e-002 -2.46704416e-003 6.41478375e-002 3.00348401e-002
    1.33713316e-002 -1.02114026e-002 2.46993564e-002 2.07610875e-002
    -5.54298633e-004 -8.51845951e-004 2.69075576e-003 2.47278181e-003
    -9.55271826e-005 -7.86376622e-005 3.85855511e-003 4.30820463e-003
    1.85666699e-002 -5.15350234e-003 3.25274765e-002 3.18603218e-002
    3.55053097e-002 9.82820150e-003 4.74650003e-002 3.54575217e-002
    9.25752858e-004 2.34711170e-003 4.97121084e-003 4.86970320e-003
    -4.99817356e-003 1.39006088e-002 2.80974247e-002 3.05545609e-002
    6.38615787e-002 1.33496448e-002 1.56530797e-001 1.62059054e-001
    3.78962189e-001 -3.23074907e-002 4.20739353e-001 1.61839217e-001
    4.03802237e-003 6.47476828e-003 3.38406414e-002 2.53363252e-002
    7.76972249e-003 2.14629527e-002 3.44836675e-002 3.89833860e-002
    -2.57491861e-002 2.53329366e-001 1.94434568e-001 3.48881841e-001
    2.58971483e-001 8.13931152e-002 3.28229994e-001 2.19408467e-001
    9.29859001e-003 -6.81085000e-003 3.28330249e-002 2.57145967e-002
    1.01414160e-003 5.10772457e-004 4.86072712e-003 5.06379502e-003
    4.84272279e-003 -1.02476834e-003 3.14471833e-002 3.90113257e-002
    1.09245302e-002 7.59431452e-004 3.58488671e-002 3.57289538e-002
    1.52880407e-003 -4.52863314e-004 4.37493343e-003 4.44196025e-003
    1.77780981e-004 -1.43390009e-003 4.80367988e-003 4.03194968e-003
    4.30907346e-002 -3.12289747e-004 5.30506633e-002 2.93413140e-002
    1.28856872e-003 7.13385735e-003 3.27377841e-002 3.01374290e-002
    -1.58397935e-003 -6.52751536e-004 4.53485874e-003 4.54272842e-003
    -1.05604890e-003 -1.38718134e-003 3.07243783e-002 2.13663373e-002
    4.12695825e-001 4.44308817e-002 4.46828574e-001 1.34520113e-001
    -1.31961465e-001 -4.79076281e-002 2.26827055e-001 1.48740977e-001
    -9.05665103e-003 -1.43274795e-002 3.11819166e-002 2.60607991e-002
    6.34431606e-003 3.88744939e-003 2.94929240e-002 2.12254189e-002
    2.57259548e-001 -1.08755402e-001 3.14726561e-001 1.96684629e-001
    -1.44919589e-001 -2.07720473e-001 2.30069384e-001 2.59128839e-001
    -2.55086436e-003 -1.27386767e-002 2.70446874e-002 2.63326820e-002
    1.92594284e-003 4.71618201e-004 4.24345862e-003 3.73349665e-003
    8.57354421e-003 -4.47127910e-004 2.74737738e-002 2.73065157e-002
    -4.73730732e-003 -1.26532209e-003 2.72118561e-002 2.99996920e-002
    -4.36232629e-004 -8.41633882e-005 3.91388638e-003 4.01699496e-003
    2.96295417e-004 8.14052531e-004 3.64173204e-003 4.19243099e-003
    5.76864788e-003 2.37514991e-002 3.28527726e-002 4.23017628e-002
