<?xml version="1.0"?>
<opencv_storage>
<scale_stds>
  1.35496175e+000 1.23100746e+000 1.55187130e+000 1.10696363e+000
  2.01338291e+000 1.70850182e+000 1.99685466e+000 1.45653784e+000
  2.15329480e+000 1.71094584e+000 3.05945754e+000 1.23079348e+000
  2.33193350e+000 1.75359142e+000 1.78979385e+000 1.39945614e+000
  2.82142949e+000 7.35503733e-001 1.63812232e+000 9.67819512e-001
  1.90994680e+000 2.73102236e+000 1.35828030e+000 2.09879780e+000
  2.29642582e+000 1.42464781e+000 1.41571975e+000 2.06809282e+000
  3.85267663e+000 1.82742870e+000 1.86714673e+000 2.26513863e+000
  2.14035034e+000 1.66558599e+000 1.85159588e+000 1.74686694e+000
  1.75335240e+000 1.22831035e+000 1.15807939e+000 2.21903205e+000
  5.47566235e-001 1.54595017e+000 1.84058976e+000 1.78613091e+000
  1.72804725e+000 1.56941688e+000 1.41145933e+000 7.61607349e-001
  1.32320261e+000 1.87839878e+000</scale_stds>
</opencv_storage>
