<?xml version="1.0"?>
<opencv_storage>
<scale_m>
  1.03806233e+000 9.86159146e-001 1. 6.19377136e-001 1.55017304e+000
  1.29065740e+000 1.61591697e+000 9.44636703e-001 1.82352936e+000
  1.11764705e+000 2.36678195e+000 1.53979242e+000 1.75432527e+000
  1.21453285e+000 1.67128026e+000 1.29411769e+000 2.35986161e+000
  5.81314862e-001 1.12456751e+000 1.21453285e+000 1.50519025e+000
  3.04152250e+000 8.58131468e-001 1.39446366e+000 1.75086510e+000
  7.47404873e-001 8.85813177e-001 1.47404850e+000 3.08996534e+000
  1.05536330e+000 1.44982696e+000 1.60899651e+000 1.53287196e+000
  1.13494813e+000 1.69896197e+000 1.85467124e+000 8.89273345e-001
  8.33910048e-001 6.92041516e-001 2.56401396e+000 5.74394464e-001
  1.78546715e+000 1.56401384e+000 1.00692046e+000 9.96539772e-001
  7.78546691e-001 1.06574392e+000 4.04844284e-001 8.82352948e-001
  1.34948099e+000</scale_m>
</opencv_storage>
