<?xml version="1.0"?>
<opencv_storage>
<scale_stds>
  3.35036111e+000 3.15904117e+000 2.93992567e+000 1.15351856e+000
  3.19765520e+000 3.89798760e+000 1.49624288e+000 2.28412604e+000
  7.32515156e-001 2.01691747e+000 2.11638403e+000 2.55048776e+000
  3.01069307e+000 3.09583521e+000 2.86083341e+000 1.25493634e+000
  3.64729667e+000 9.43450511e-001 1.49895799e+000 3.18967748e+000
  7.49863923e-001 3.74107099e+000 1.32285643e+000 3.20411968e+000
  2.42785168e+000 1.98589396e+000 1.78741860e+000 2.87374139e+000
  1.55967367e+000 3.32376266e+000 1.18489611e+000 1.21855044e+000
  1.03055370e+000 2.61699080e+000 2.50630450e+000 1.34142423e+000
  8.55485260e-001 3.28717828e+000 1.53580534e+000 3.47201633e+000
  4.05197001e+000 1.35446048e+000 2.98196101e+000 3.44307947e+000
  3.02341580e+000 3.16822147e+000 1.74612916e+000 4.04102850e+000
  3.39246225e+000 8.60206127e-001</scale_stds>
</opencv_storage>
