<?xml version="1.0"?>
<opencv_storage>
<scale_stds>
  2.57837605e+000 2.24704432e+000 4.60419846e+000 1.57748783e+000
  1.49251640e+000 3.80457664e+000 3.44395542e+000 3.40733862e+000
  3.90123320e+000 3.61677361e+000 2.02700114e+000 3.14970517e+000
  2.06470895e+000 4.32790375e+000 3.96609831e+000 3.20813036e+000
  2.43582177e+000 3.74450397e+000 1.71048331e+000 3.11027980e+000
  3.60512972e+000 2.19949675e+000 2.73829055e+000 9.69671786e-001
  3.31911492e+000 4.50972414e+000 1.96448886e+000 2.33632708e+000
  3.78733683e+000 3.98190522e+000 2.39561152e+000 2.92017794e+000
  1.98988724e+000 2.39696288e+000 3.51205635e+000 2.27302861e+000
  3.36504436e+000 4.04796696e+000 2.56217694e+000 1.96692407e+000
  2.03527141e+000 3.15482759e+000 4.24860477e+000 2.40046144e+000
  4.13725615e+000 2.74701405e+000 3.02426362e+000 3.07963586e+000
  1.19553161e+000 2.94208837e+000</scale_stds>
</opencv_storage>
