<?xml version="1.0"?>
<opencv_storage>
<scale_m>
  4.76150608e+000 2.35983253e+000 1.15062761e+000 1.94142258e+000
  2.16317987e+000 3.58577394e+000 3.31799173e+000 2.85355639e+000
  1.07112968e+000 2.92468619e+000 3.20083690e+000 1.65271962e+000
  2.73221755e+000 3.12970710e+000 2.03765702e+000 2.11715484e+000
  2.75732207e+000 3.30962348e+000 4.35564852e+000 1.95397484e+000
  3.50209212e+000 3.27615070e+000 2.28870296e+000 2.11297083e+000
  3.56485367e+000 2.92468619e+000 1.51464438e+000 2.26359844e+000
  2.23849368e+000 1.46861923e+000 1.36401677e+000 2.45188284e+000
  2.21757317e+000 2.62343097e+000 4.39330530e+000 2.26359844e+000
  1.80334723e+000 3.23012543e+000 1.40167367e+000 2.78661084e+000
  1.58158994e+000 2.74058580e+000 2.07949781e+000 3.07531381e+000
  2.33472800e+000 3.48535562e+000 2.77824259e+000 2.01255226e+000
  2.11297083e+000 3.56066942e+000</scale_m>
</opencv_storage>
