<?xml version="1.0"?>
<opencv_storage>
<scale_m>
  1.63392854e+000 1.67142856e+000 1.40714288e+000 5.83035707e-001
  1.49910712e+000 1.93750000e+000 7.40178585e-001 1.47500002e+000
  4.69642848e-001 9.41071451e-001 1.28571427e+000 1.04642856e+000
  1.60357141e+000 1.95089281e+000 1.75267851e+000 7.74107158e-001
  1.83124995e+000 7.58928597e-001 8.75000000e-001 1.60803568e+000
  5.14285743e-001 1.82857144e+000 7.07142830e-001 1.82410717e+000
  1.48660719e+000 1.15803576e+000 1.02589285e+000 1.42321432e+000
  6.09821439e-001 1.52857149e+000 7.56250024e-001 8.88392866e-001
  6.28571451e-001 1.25446427e+000 1.47589290e+000 7.61607170e-001
  4.54464287e-001 2.18125010e+000 4.84821439e-001 1.87142861e+000
  1.98303568e+000 7.66071439e-001 1.47232139e+000 1.88571429e+000
  1.59464288e+000 1.71517861e+000 1.03214288e+000 2.03660703e+000
  1.85625005e+000 6.24107122e-001</scale_m>
</opencv_storage>
