<?xml version="1.0"?>
<opencv_storage>
<scale_stds>
  1.70380249e+01 4.95634747e+00 1.01373100e+01 6.54424334e+00
  1.06638489e+01 7.08575773e+00 7.45572376e+00 1.30615606e+01
  6.10175037e+00 2.30944080e+01 6.57694483e+00 7.09344959e+00
  1.77029953e+01 1.56007586e+01 9.70480251e+00 3.38022423e+00
  9.82794952e+00 8.06688023e+00 6.53307199e+00 6.56507254e+00
  6.73526335e+00 1.61752052e+01 1.39174147e+01 1.51871338e+01
  1.51675406e+01 4.54164314e+00 1.19741220e+01 3.11356425e+00
  1.22235308e+01 3.12465644e+00 1.23515091e+01 1.61020336e+01
  1.84137077e+01 5.86181307e+00 1.23121080e+01 1.50552454e+01
  6.53401995e+00 4.94436455e+00 9.82863045e+00 6.61684990e+00
  1.51345930e+01 5.26030636e+00 4.90201521e+00 6.22709751e+00
  8.84857655e+00 1.26756363e+01 7.11356211e+00 1.69740067e+01
  1.22264366e+01 6.88091612e+00 4.33100271e+00 4.53069687e+00
  8.40216446e+00 1.13703108e+01 1.41359320e+01 2.53696561e+00
  9.51927757e+00 5.28601933e+00 8.11345768e+00 1.08259983e+01</scale_stds>
</opencv_storage>
