<?xml version="1.0"?>
<opencv_storage>
<vocabulary type_id="opencv-matrix">
  <rows>50</rows>
  <cols>75</cols>
  <dt>f</dt>
  <data>
    1.04106422e+002 1.06120209e+002 1.07626457e+002 1.08883667e+002
    1.09872902e+002 1.11118050e+002 1.12200340e+002 1.13216713e+002
    1.14188713e+002 1.15067215e+002 1.15954330e+002 1.16757866e+002
    1.17554932e+002 1.18261528e+002 1.18989227e+002 1.19708313e+002
    1.20365791e+002 1.21007324e+002 1.21688065e+002 1.22331757e+002
    1.22992676e+002 1.23612663e+002 1.24261955e+002 1.24909088e+002
    1.25524345e+002 1.26380440e+002 1.27034035e+002 1.27675568e+002
    1.28311935e+002 1.28967682e+002 1.29613953e+002 1.30274887e+002
    1.30935379e+002 1.31621277e+002 1.32268845e+002 1.32981049e+002
    1.33657471e+002 1.34344254e+002 1.35122360e+002 1.35837997e+002
    1.36614822e+002 1.37370956e+002 1.38183975e+002 1.39024994e+002
    1.39973282e+002 1.40875046e+002 1.41863846e+002 1.43008179e+002
    1.44245148e+002 1.45734161e+002 1.58098663e+002 1.60149078e+002
    1.61651016e+002 1.63325714e+002 1.64597153e+002 1.66052994e+002
    1.67738907e+002 1.69023270e+002 1.70362778e+002 1.71748810e+002
    1.73152527e+002 1.74578201e+002 1.75894440e+002 1.77362778e+002
    1.78850922e+002 1.80210678e+002 1.81616547e+002 1.83147354e+002
    1.84644547e+002 1.86353302e+002 1.88131409e+002 1.89758286e+002
    1.91765610e+002 1.93875488e+002 1.96422668e+002 1.79094513e+002
    1.83814438e+002 1.87013748e+002 1.89528076e+002 1.91676987e+002
    1.94039536e+002 1.96333908e+002 1.98434143e+002 2.00332764e+002
    2.01962204e+002 2.03932999e+002 2.05708481e+002 2.07522354e+002
    2.09279510e+002 2.10776642e+002 2.12282944e+002 2.13820175e+002
    2.15344223e+002 2.16855103e+002 2.18251450e+002 2.19761185e+002
    2.21103683e+002 2.22564728e+002 2.23908951e+002 2.25210205e+002
    2.27400360e+002 2.28782944e+002 2.30024643e+002 2.31260040e+002
    2.32416962e+002 2.33817307e+002 2.34977097e+002 2.36102539e+002
    2.37176422e+002 2.38214218e+002 2.39258896e+002 2.40365997e+002
    2.41337921e+002 2.42329330e+002 2.43274353e+002 2.44185013e+002
    2.45050980e+002 2.45876297e+002 2.46640335e+002 2.47482254e+002
    2.48268631e+002 2.49004593e+002 2.49703903e+002 2.50353394e+002
    2.50981110e+002 2.51950760e+002 2.52274353e+002 2.52569321e+002
    2.52886612e+002 2.53107681e+002 2.53346512e+002 2.53569885e+002
    2.53758896e+002 2.53923264e+002 2.54077332e+002 2.54239410e+002
    2.54348236e+002 2.54459915e+002 2.54556137e+002 2.54636322e+002
    2.54708496e+002 2.54769775e+002 2.54816162e+002 2.54857407e+002
    2.54890045e+002 2.54920395e+002 2.54937576e+002 2.54953049e+002
    2.54968506e+002 2.54977097e+002 9.96857376e+001 1.01476852e+002
    1.02729378e+002 1.03713684e+002 1.04574249e+002 1.05629059e+002
    1.06618683e+002 1.07484840e+002 1.08324379e+002 1.09101654e+002
    1.09894363e+002 1.10589149e+002 1.11219269e+002 1.11868019e+002
    1.12480316e+002 1.13076111e+002 1.13648491e+002 1.14244812e+002
    1.14801758e+002 1.15358971e+002 1.15904739e+002 1.16417252e+002
    1.16939072e+002 1.17428955e+002 1.17946518e+002 1.18760780e+002
    1.19283669e+002 1.19782867e+002 1.20277809e+002 1.20745613e+002
    1.21244286e+002 1.21737633e+002 1.22225128e+002 1.22693726e+002
    1.23150620e+002 1.23618156e+002 1.24094467e+002 1.24576645e+002
    1.25055618e+002 1.25534332e+002 1.26031937e+002 1.26523689e+002
    1.27015968e+002 1.27496811e+002 1.28022354e+002 1.28549500e+002
    1.29064133e+002 1.29604309e+002 1.30193192e+002 1.30801498e+002
    1.32391968e+002 1.33054291e+002 1.33647949e+002 1.34268494e+002
    1.34830505e+002 1.35466217e+002 1.36101395e+002 1.36733643e+002
    1.37378937e+002 1.38025558e+002 1.38692123e+002 1.39421509e+002
    1.40137848e+002 1.40885056e+002 1.41674561e+002 1.42464081e+002
    1.43286865e+002 1.44162064e+002 1.45096069e+002 1.46112564e+002
    1.47200119e+002 1.48279938e+002 1.49643433e+002 1.51233902e+002
    1.53427368e+002 1.21315407e+002 1.24470963e+002 1.26664513e+002
    1.28384232e+002 1.29825806e+002 1.34998566e+002 1.37493179e+002
    1.39668091e+002 1.43440140e+002 1.45499634e+002 1.51126877e+002
    1.52963440e+002 1.54511108e+002 1.55816483e+002 1.57086014e+002
    1.58481720e+002 1.59678848e+002 1.60797134e+002 1.61977768e+002
    1.63075974e+002 1.64252319e+002 1.65270248e+002 1.66381363e+002
    1.67540497e+002 1.68645874e+002 1.76395691e+002 1.78206451e+002
    1.79662354e+002 1.80887451e+002 1.82125443e+002 1.83680283e+002
    1.84817200e+002 1.85989243e+002 1.87098923e+002 1.88162003e+002
    1.90085297e+002 1.91172043e+002 1.92226517e+002 1.93270966e+002
    1.94239426e+002 1.95321136e+002 1.96377060e+002 1.97382782e+002
    1.98334045e+002 1.99239426e+002 2.00182785e+002 2.01058777e+002
    2.02037979e+002 2.02947662e+002 2.03902496e+002 2.05384216e+002
    2.06377777e+002 2.07303223e+002 2.08315399e+002 2.09240143e+002
    2.10253036e+002 2.11313965e+002 2.12268814e+002 2.13265945e+002
    2.14296768e+002 2.15775620e+002 2.16856628e+002 2.17906799e+002
    2.18979202e+002 2.20108948e+002 2.21296051e+002 2.22504654e+002
    2.23660919e+002 2.24897476e+002 2.26182785e+002 2.27561996e+002
    2.28844437e+002 2.30444443e+002 2.32048737e+002 2.33741928e+002
    9.87297516e+001 1.01880989e+002 1.04338020e+002 1.06310745e+002
    1.07785950e+002 1.13452065e+002 1.16379341e+002 1.18724792e+002
    1.22451241e+002 1.24574379e+002 1.30114883e+002 1.32031403e+002
    1.33649582e+002 1.35199173e+002 1.36480988e+002 1.37850418e+002
    1.39135544e+002 1.40378510e+002 1.41510742e+002 1.42616531e+002
    1.43653717e+002 1.44709091e+002 1.45837189e+002 1.46909088e+002
    1.47966110e+002 1.52904129e+002 1.54556198e+002 1.55890915e+002
    1.57071075e+002 1.58273560e+002 1.60128922e+002 1.61438019e+002
    1.62658676e+002 1.63747101e+002 1.64790085e+002 1.66290909e+002
    1.67441330e+002 1.68457031e+002 1.69549591e+002 1.70535538e+002
    1.71661163e+002 1.72722321e+002 1.73756195e+002 1.74804962e+002
    1.75809921e+002 1.76831406e+002 1.77814056e+002 1.78809921e+002
    1.79764465e+002 1.80811569e+002 1.82820663e+002 1.83952896e+002
    1.85004135e+002 1.86183472e+002 1.87249588e+002 1.88421494e+002
    1.89604126e+002 1.90706619e+002 1.91823975e+002 1.92946274e+002
    1.94990906e+002 1.96244629e+002 1.97454544e+002 1.98773560e+002
    2.00096695e+002 2.01481812e+002 2.02885117e+002 2.04247940e+002
    2.05582642e+002 2.07214050e+002 2.08819839e+002 2.10229752e+002
    2.12040497e+002 2.13950409e+002 2.16088425e+002 4.13735847e+001
    4.26367416e+001 4.35954628e+001 4.43343658e+001 4.49855537e+001
    4.56491241e+001 4.62590332e+001 4.68307571e+001 4.73632622e+001
    4.78410759e+001 4.83973198e+001 4.88421059e+001 4.93384972e+001
    4.98080521e+001 5.02765770e+001 5.07430382e+001 5.11723442e+001
    5.16398392e+001 5.20846252e+001 5.25046463e+001 5.29122849e+001
    5.33550072e+001 5.37791557e+001 5.42074318e+001 5.46047516e+001
    5.50165138e+001 5.54468536e+001 5.58648109e+001 5.62714157e+001
    5.66914368e+001 5.71228104e+001 5.75314789e+001 5.79287949e+001
    5.83508797e+001 5.87905083e+001 5.92280731e+001 5.96883430e+001
    6.01104279e+001 6.05696640e+001 6.09989700e+001 6.14344711e+001
    6.18586197e+001 6.23446884e+001 6.28132133e+001 6.33075371e+001
    6.37894783e+001 6.43137283e+001 6.48266296e+001 6.53797760e+001
    6.59865875e+001 6.82084656e+001 6.89659500e+001 6.96749268e+001
    7.04045410e+001 7.11145554e+001 7.20350876e+001 7.29494324e+001
    7.38400421e+001 7.47409744e+001 7.56140366e+001 7.65500565e+001
    7.76068115e+001 7.86006241e+001 7.96718292e+001 8.07750320e+001
    8.18648148e+001 8.30227051e+001 8.42425232e+001 8.55903015e+001
    8.70763702e+001 8.86088791e+001 9.01259079e+001 9.19442749e+001
    9.40526352e+001 9.71537704e+001 1.38705093e+002 1.41390411e+002
    1.43234406e+002 1.44669327e+002 1.45865295e+002 1.47323059e+002
    1.48694443e+002 1.49893082e+002 1.51001907e+002 1.51999237e+002
