<?xml version="1.0"?>
<opencv_storage>
<scale_stds>
  7.64303112e+000 4.68374491e+000 1.96259737e+000 2.37594271e+000
  3.76653171e+000 6.84374046e+000 5.24537373e+000 2.77154899e+000
  2.67624831e+000 5.64746952e+000 3.15721917e+000 1.91030645e+000
  5.22340298e+000 5.50426960e+000 3.01645494e+000 2.33646703e+000
  5.12354660e+000 3.66773105e+000 7.59893465e+000 2.33984375e+000
  3.25727320e+000 5.17791176e+000 5.10520267e+000 3.21213031e+000
  5.43918228e+000 3.41216397e+000 2.43208909e+000 3.27434134e+000
  4.89787149e+000 2.45078301e+000 1.99091089e+000 4.48670578e+000
  2.71265912e+000 3.45691276e+000 7.21430159e+000 2.26340103e+000
  2.19523764e+000 3.78852224e+000 2.17771077e+000 3.40815973e+000
  2.99243045e+000 3.63382316e+000 3.36701298e+000 3.24626875e+000
  4.11204052e+000 3.22496724e+000 5.92958927e+000 3.02635717e+000
  3.32352448e+000 3.73430896e+000</scale_stds>
</opencv_storage>
