<?xml version="1.0"?>
<opencv_storage>
<scale_m>
  1.83623421e+000 1.38132906e+000 2.97310138e+000 1.10363925e+000
  9.57278490e-001 7.66613901e-001 2.07911396e+000 2.15664554e+000
  1.71123421e+000 1.92800629e+000 6.50316477e-001 2.04272151e+000
  1.25553799e+000 2.63291144e+000 2.27610755e+000 1.35996830e+000
  7.11234152e-001 2.00712037e+000 1.29746830e+000 1.69541144e+000
  2.07357597e+000 1.11946201e+000 1.41930377e+000 7.47626603e-001
  2.24050641e+000 2.85047460e+000 1.18433547e+000 1.42800629e+000
  1.98496830e+000 2.15031648e+000 6.48734152e-001 1.73417723e+000
  9.99208868e-001 1.34651899e+000 1.03006327e+000 6.76424026e-001
  2.10917711e+000 2.50632906e+000 1.51107597e+000 7.66613901e-001
  8.83702517e-001 1.69382906e+000 2.43117094e+000 5.99683523e-001
  2.70332289e+000 4.62816447e-001 1.94936705e+000 2.27848101e+000
  8.97151887e-001 1.89873421e+000</scale_m>
</opencv_storage>
