<?xml version="1.0"?>
<opencv_storage>
<vocabulary type_id="opencv-matrix">
  <rows>50</rows>
  <cols>75</cols>
  <dt>f</dt>
  <data>
    1.21915306e+002 1.24167221e+002 1.25613121e+002 1.26793991e+002
    1.27729515e+002 1.28754654e+002 1.29755737e+002 1.30665039e+002
    1.31479233e+002 1.32259567e+002 1.33023499e+002 1.33758469e+002
    1.34454651e+002 1.35090714e+002 1.35732788e+002 1.36343719e+002
    1.36939896e+002 1.37547546e+002 1.38112030e+002 1.38680328e+002
    1.39260666e+002 1.39786346e+002 1.40318039e+002 1.40865585e+002
    1.41415298e+002 1.42463943e+002 1.43019684e+002 1.43525696e+002
    1.44031158e+002 1.44522949e+002 1.45014206e+002 1.45490173e+002
    1.45982513e+002 1.46433334e+002 1.46926239e+002 1.47362854e+002
    1.47836075e+002 1.48293442e+002 1.48764481e+002 1.49219681e+002
    1.49689621e+002 1.50144272e+002 1.50612030e+002 1.51079239e+002
    1.51541534e+002 1.52010391e+002 1.52474319e+002 1.52940445e+002
    1.53439346e+002 1.53966675e+002 1.54944275e+002 1.55484711e+002
    1.56015305e+002 1.56543716e+002 1.57030060e+002 1.57562851e+002
    1.58119675e+002 1.58689621e+002 1.59253006e+002 1.59800552e+002
    1.60352463e+002 1.60973770e+002 1.61578690e+002 1.62212021e+002
    1.62879791e+002 1.63518036e+002 1.64198914e+002 1.64903290e+002
    1.65698364e+002 1.66584702e+002 1.67470505e+002 1.68327332e+002
    1.69351379e+002 1.70612579e+002 1.72137711e+002 1.69334946e+002
    1.72013367e+002 1.73546478e+002 1.74772446e+002 1.75806091e+002
    1.77019241e+002 1.78112183e+002 1.79061981e+002 1.79974365e+002
    1.80818390e+002 1.81643173e+002 1.82443924e+002 1.83207275e+002
    1.83925751e+002 1.84618591e+002 1.85288467e+002 1.85943390e+002
    1.86634094e+002 1.87266571e+002 1.87928955e+002 1.88521912e+002
    1.89098297e+002 1.89706207e+002 1.90305023e+002 1.90911865e+002
    1.92221161e+002 1.92871277e+002 1.93471161e+002 1.94048615e+002
    1.94568390e+002 1.95121811e+002 1.95677353e+002 1.96219025e+002
    1.96766571e+002 1.97278320e+002 1.97791138e+002 1.98337616e+002
    1.98829071e+002 1.99369141e+002 1.99871277e+002 2.00354172e+002
    2.00848831e+002 2.01349365e+002 2.01848297e+002 2.02350433e+002
    2.02862717e+002 2.03366470e+002 2.03895309e+002 2.04380356e+002
    2.04919342e+002 2.06415070e+002 2.07055038e+002 2.07583878e+002
    2.08139969e+002 2.08637833e+002 2.09198730e+002 2.09745209e+002
    2.10284195e+002 2.10826401e+002 2.11353104e+002 2.11916672e+002
    2.12509628e+002 2.13095093e+002 2.13708878e+002 2.14388901e+002
    2.14990402e+002 2.15686981e+002 2.16401184e+002 2.17097229e+002
    2.17928970e+002 2.18790604e+002 2.19639969e+002 2.20585480e+002
    2.21718491e+002 2.23091354e+002 1.75005066e+002 1.77323593e+002
    1.79102783e+002 1.80346436e+002 1.81433365e+002 1.82618652e+002
    1.83707489e+002 1.84707489e+002 1.85621185e+002 1.86409256e+002
    1.87355331e+002 1.88163071e+002 1.88961929e+002 1.89715103e+002
    1.90437820e+002 1.91149750e+002 1.91864212e+002 1.92567261e+002
    1.93218277e+002 1.93916245e+002 1.94595810e+002 1.95269669e+002
    1.95992386e+002 1.96691620e+002 1.97375000e+002 1.98370560e+002
    1.99026016e+002 1.99692261e+002 2.00373734e+002 2.01034897e+002
    2.01806473e+002 2.02487946e+002 2.03175751e+002 2.03915604e+002
    2.04629440e+002 2.05309006e+002 2.06064713e+002 2.06828049e+002
    2.07627533e+002 2.08413696e+002 2.09244278e+002 2.10053925e+002
    2.10958755e+002 2.11875626e+002 2.12854050e+002 2.13961288e+002
    2.15102158e+002 2.16339462e+002 2.17884506e+002 2.19658630e+002
    2.44270294e+002 2.45634506e+002 2.46444153e+002 2.47206207e+002
    2.47771576e+002 2.48409897e+002 2.49057098e+002 2.49521576e+002
    2.49982224e+002 2.50392120e+002 2.50796310e+002 2.51192886e+002
    2.51545685e+002 2.51899109e+002 2.52234772e+002 2.52497452e+002
    2.52782349e+002 2.53029190e+002 2.53274734e+002 2.53519028e+002
    2.53722076e+002 2.53901016e+002 2.54079941e+002 2.54256332e+002
    2.54421310e+002 6.85405807e+001 7.01148605e+001 7.13660049e+001
    7.23307800e+001 7.31853027e+001 7.41761093e+001 7.51638641e+001
    7.62388992e+001 7.74563599e+001 7.82679977e+001 7.90735092e+001
    7.97963257e+001 8.04594193e+001 8.10321655e+001 8.16477814e+001
    8.22741241e+001 8.28606491e+001 8.34042892e+001 8.39372177e+001
    8.44869843e+001 8.50107193e+001 8.55068970e+001 8.60245056e+001
    8.65007706e+001 8.70826950e+001 8.76554413e+001 8.81163864e+001
    8.86523743e+001 8.92098007e+001 8.96630936e+001 9.01454849e+001
    9.06508484e+001 9.11592712e+001 9.16447220e+001 9.21546707e+001
    9.26768799e+001 9.32021484e+001 9.36799393e+001 9.42021484e+001
    9.47366028e+001 9.53078156e+001 9.58882141e+001 9.64640121e+001
    9.71408920e+001 9.78698349e+001 9.86033707e+001 9.92756577e+001
    1.00153145e+002 1.01012253e+002 1.02015320e+002 1.12058197e+002
    1.13317001e+002 1.14794800e+002 1.16073509e+002 1.17297096e+002
    1.18467079e+002 1.19900467e+002 1.21136299e+002 1.22588058e+002
    1.24019913e+002 1.25395103e+002 1.26888214e+002 1.28295563e+002
    1.29854523e+002 1.31546707e+002 1.33047470e+002 1.34502304e+002
    1.35980103e+002 1.37842270e+002 1.39928024e+002 1.41848404e+002
    1.43313934e+002 1.45641663e+002 1.48116394e+002 1.51880554e+002
    2.12645020e+002 2.15534241e+002 2.17444305e+002 2.18863007e+002
    2.20057175e+002 2.21474686e+002 2.22852295e+002 2.24062531e+002
    2.25188202e+002 2.26179276e+002 2.27187607e+002 2.28180466e+002
    2.29166763e+002 2.30061340e+002 2.30922562e+002 2.31706375e+002
    2.32545563e+002 2.33430603e+002 2.34248352e+002 2.35068481e+002
    2.35826080e+002 2.36549133e+002 2.37263840e+002 2.37999405e+002
    2.38787964e+002 2.40250732e+002 2.40954727e+002 2.41618225e+002
    2.42254318e+002 2.42857056e+002 2.43565216e+002 2.44154846e+002
    2.44715897e+002 2.45309113e+002 2.45827866e+002 2.46348419e+002
    2.46854675e+002 2.47368073e+002 2.47876709e+002 2.48366882e+002
    2.48807617e+002 2.49260864e+002 2.49699219e+002 2.50175690e+002
    2.50632507e+002 2.51085754e+002 2.51478851e+002 2.51879089e+002
    2.52263245e+002 2.52670639e+002 2.53924362e+002 2.54055984e+002
    2.54146515e+002 2.54223938e+002 2.54296005e+002 2.54372833e+002
    2.54441925e+002 2.54491364e+002 2.54538406e+002 2.54589035e+002
    2.54636093e+002 2.54681946e+002 2.54719467e+002 2.54753418e+002
    2.54784393e+002 2.54811188e+002 2.54845734e+002 2.54869553e+002
    2.54887421e+002 2.54904694e+002 2.54917801e+002 2.54929123e+002
    2.54949966e+002 2.54962479e+002 2.54974976e+002 1.40145630e+002
    1.42607834e+002 1.44078796e+002 1.45293091e+002 1.46267746e+002
    1.47384796e+002 1.48420273e+002 1.49352081e+002 1.50191711e+002
    1.51017059e+002 1.51764053e+002 1.52506912e+002 1.53229492e+002
    1.53901382e+002 1.54549316e+002 1.55179260e+002 1.55790329e+002
    1.56388947e+002 1.56971436e+002 1.57557602e+002 1.58134567e+002
    1.58699997e+002 1.59241470e+002 1.59807831e+002 1.60363602e+002
    1.61472351e+002 1.62048843e+002 1.62576965e+002 1.63094009e+002
    1.63613831e+002 1.64148392e+002 1.64671890e+002 1.65170044e+002
    1.65643326e+002 1.66113373e+002 1.66612900e+002 1.67109680e+002
    1.67569122e+002 1.68062210e+002 1.68553925e+002 1.69023499e+002
    1.69491241e+002 1.69981567e+002 1.70424881e+002 1.70904617e+002
    1.71386642e+002 1.71864059e+002 1.72326263e+002 1.72850693e+002
    1.73391251e+002 1.74652542e+002 1.75290329e+002 1.75849304e+002
    1.76375122e+002 1.76864059e+002 1.77463593e+002 1.78041931e+002
    1.78630875e+002 1.79177414e+002 1.79739639e+002 1.80342865e+002
    1.80980179e+002 1.81595398e+002 1.82249313e+002 1.82922577e+002
    1.83531342e+002 1.84204147e+002 1.84914749e+002 1.85673279e+002
    1.86466354e+002 1.87366821e+002 1.88198166e+002 1.89163589e+002
    1.90379730e+002 1.91732727e+002 1.15188179e+002 1.16550064e+002
    1.17581421e+002 1.18379974e+002 1.19001205e+002 1.19876961e+002
    1.20572983e+002 1.21284683e+002 1.21908325e+002 1.22446320e+002
