<?xml version="1.0"?>
<opencv_storage>
<scale_m>
  8.69063187e+00 5.85620928e+00 6.24182987e+00 5.78431368e+00
  9.27450943e+00 7.00980377e+00 6.73311567e+00 6.64270163e+00
  7.53485823e+00 1.32559910e+01 6.55010891e+00 6.91285419e+00
  8.78758144e+00 9.63725471e+00 9.41067505e+00 4.44771242e+00
  9.06318092e+00 7.55773401e+00 9.51851845e+00 3.77124190e+00
  8.94226551e+00 1.10032682e+01 8.90958595e+00 8.70261478e+00
  7.79084969e+00 2.81372547e+00 7.40087128e+00 3.64814806e+00
  8.13725471e+00 2.74836612e+00 7.60239649e+00 9.32352924e+00
  1.11971674e+01 7.38453150e+00 6.86710262e+00 1.10435734e+01
  7.14923763e+00 3.07298470e+00 7.97930288e+00 7.86601305e+00
  1.04324617e+01 6.70261431e+00 3.19716787e+00 7.72004366e+00
  5.71023989e+00 7.07625294e+00 5.12636185e+00 9.48692799e+00
  6.45860577e+00 6.85076237e+00 4.60457516e+00 3.99564266e+00
  7.39542484e+00 2.73529410e+00 7.93355131e+00 2.78213501e+00
  7.79411745e+00 2.76143789e+00 9.60021782e+00 8.68627453e+00</scale_m>
</opencv_storage>
