<?xml version="1.0"?>
<opencv_storage>
<vocabulary type_id="opencv-matrix">
  <rows>50</rows>
  <cols>75</cols>
  <dt>f</dt>
  <data>
    8.11889267e+001 8.24138870e+001 8.34393692e+001 8.43049240e+001
    8.51010590e+001 8.59050980e+001 8.66994705e+001 8.73901596e+001
    8.81036911e+001 8.87732849e+001 8.93927917e+001 9.00483322e+001
    9.05843582e+001 9.10992966e+001 9.16616898e+001 9.21836548e+001
    9.26643219e+001 9.31318130e+001 9.36001740e+001 9.40289993e+001
    9.45105438e+001 9.49332199e+001 9.53708267e+001 9.57627411e+001
    9.61898041e+001 9.66968384e+001 9.70659027e+001 9.74393692e+001
    9.78277664e+001 9.81915665e+001 9.85597534e+001 9.89455185e+001
    9.93488617e+001 9.96994705e+001 1.00071182e+002 1.00410370e+002
    1.00773285e+002 1.01150261e+002 1.01545692e+002 1.01947273e+002
    1.02320740e+002 1.02710022e+002 1.03108086e+002 1.03480667e+002
    1.03887520e+002 1.04273285e+002 1.04672234e+002 1.05098419e+002
    1.05532516e+002 1.05963974e+002 1.06716171e+002 1.07183655e+002
    1.07644112e+002 1.08120384e+002 1.08574692e+002 1.09051849e+002
    1.09567665e+002 1.10061516e+002 1.10576454e+002 1.11137085e+002
    1.11669594e+002 1.12265381e+002 1.12841827e+002 1.13474518e+002
    1.14157295e+002 1.14830406e+002 1.15503517e+002 1.16273285e+002
    1.17108963e+002 1.18086998e+002 1.19135323e+002 1.20108963e+002
    1.21334801e+002 1.22886642e+002 1.25082603e+002 1.74875885e+002
    1.77632980e+002 1.79817368e+002 1.81367020e+002 1.82654251e+002
    1.83902481e+002 1.85141846e+002 1.86301407e+002 1.87299637e+002
    1.88216309e+002 1.89214539e+002 1.90090424e+002 1.90923752e+002
    1.91730484e+002 1.92507080e+002 1.93269501e+002 1.94046097e+002
    1.94762405e+002 1.95526596e+002 1.96234039e+002 1.97030136e+002
    1.97725174e+002 1.98492905e+002 1.99131195e+002 1.99836868e+002
    2.00705673e+002 2.01395386e+002 2.02072693e+002 2.02661346e+002
    2.03239349e+002 2.03868790e+002 2.04514175e+002 2.05177292e+002
    2.05730484e+002 2.06304962e+002 2.06934387e+002 2.07572693e+002
    2.08182617e+002 2.08808502e+002 2.09427292e+002 2.10058502e+002
    2.10700348e+002 2.11349289e+002 2.12023041e+002 2.12702118e+002
    2.13393616e+002 2.14046097e+002 2.14728714e+002 2.15487579e+002
    2.16322693e+002 2.18835098e+002 2.19530136e+002 2.20152481e+002
    2.20806732e+002 2.21425522e+002 2.22070908e+002 2.22735809e+002
    2.23342194e+002 2.23962753e+002 2.24579773e+002 2.25182617e+002
    2.25872330e+002 2.26546097e+002 2.27171982e+002 2.27973404e+002
    2.28682617e+002 2.29386520e+002 2.30143616e+002 2.30941483e+002
    2.31960983e+002 2.32932617e+002 2.33847504e+002 2.34916656e+002
    2.36182617e+002 2.37769501e+002 9.38690948e+001 9.67345428e+001
    9.89781799e+001 1.01534546e+002 1.03661819e+002 1.05596367e+002
    1.07385452e+002 1.08949089e+002 1.10112724e+002 1.11218185e+002
    1.13287277e+002 1.14683640e+002 1.16029091e+002 1.17149094e+002
    1.18381821e+002 1.19687271e+002 1.20687271e+002 1.21796364e+002
    1.23043640e+002 1.24112724e+002 1.25360001e+002 1.26516365e+002
    1.27705452e+002 1.28960007e+002 1.30276367e+002 1.31530914e+002
    1.32821823e+002 1.34025452e+002 1.35389099e+002 1.36570908e+002
    1.37981812e+002 1.39094543e+002 1.40410904e+002 1.41600006e+002
    1.42912735e+002 1.44192734e+002 1.45501816e+002 1.46730911e+002
    1.48185455e+002 1.49469086e+002 1.50854553e+002 1.52112732e+002
    1.53414551e+002 1.54789093e+002 1.56334549e+002 1.58036362e+002
    1.59676361e+002 1.61298187e+002 1.62869095e+002 1.64534546e+002
    1.69821823e+002 1.71963638e+002 1.74112732e+002 1.76399994e+002
    1.78654541e+002 1.82461823e+002 1.84960007e+002 1.87192734e+002
    1.89472733e+002 1.92007278e+002 1.96192734e+002 1.99163635e+002
    2.01923645e+002 2.04676361e+002 2.07709091e+002 2.10509094e+002
    2.13378189e+002 2.16290909e+002 2.19294540e+002 2.22665451e+002
    2.25967270e+002 2.28647278e+002 2.32047272e+002 2.35479996e+002
    2.38923645e+002 1.19273705e+002 1.21090515e+002 1.22219826e+002
    1.23058189e+002 1.23849136e+002 1.25023705e+002 1.25967674e+002
    1.26706894e+002 1.27441811e+002 1.28107758e+002 1.28795258e+002
    1.29398712e+002 1.29993530e+002 1.30506470e+002 1.31006470e+002
    1.31547409e+002 1.32172409e+002 1.32681030e+002 1.33176727e+002
    1.33702591e+002 1.34191803e+002 1.34721985e+002 1.35239227e+002
    1.35691803e+002 1.36191803e+002 1.36728455e+002 1.37215515e+002
    1.37782333e+002 1.38262924e+002 1.38797409e+002 1.39250000e+002
    1.39734909e+002 1.40267242e+002 1.40784485e+002 1.41288788e+002
    1.41900864e+002 1.42461212e+002 1.42980606e+002 1.43592667e+002
    1.44217667e+002 1.44885773e+002 1.45635773e+002 1.46400864e+002
    1.47269394e+002 1.48105606e+002 1.48989227e+002 1.50094833e+002
    1.51299576e+002 1.52760773e+002 1.54407333e+002 1.86831894e+002
    1.89558182e+002 1.91334045e+002 1.92911636e+002 1.94155167e+002
    1.95655167e+002 1.97159485e+002 1.98273712e+002 1.99431030e+002
    2.00426727e+002 2.01448273e+002 2.02560349e+002 2.03502151e+002
    2.04618530e+002 2.05653015e+002 2.06581894e+002 2.07510773e+002
    2.08519394e+002 2.09493530e+002 2.10603455e+002 2.11838364e+002
    2.12799561e+002 2.14073273e+002 2.15441803e+002 2.17174561e+002
    1.34651840e+002 1.37760162e+002 1.40336563e+002 1.42346237e+002
    1.43986465e+002 1.46148941e+002 1.47843338e+002 1.49524185e+002
    1.51266922e+002 1.52775635e+002 1.54758224e+002 1.56197296e+002
    1.57539658e+002 1.58775635e+002 1.60015472e+002 1.61048355e+002
    1.62197296e+002 1.63276596e+002 1.64340424e+002 1.65350098e+002
    1.66352036e+002 1.67284332e+002 1.68276596e+002 1.69294006e+002
    1.70255325e+002 1.71493240e+002 1.72481628e+002 1.73435211e+002
    1.74493240e+002 1.75431335e+002 1.76487427e+002 1.77448746e+002
    1.78479691e+002 1.79408127e+002 1.80264999e+002 1.81177948e+002
    1.82179886e+002 1.83119934e+002 1.84121857e+002 1.85117996e+002
    1.86073502e+002 1.87081238e+002 1.88129593e+002 1.89152817e+002
    1.90191498e+002 1.91226318e+002 1.92402328e+002 1.93541595e+002
    1.94706009e+002 1.95839462e+002 1.98557068e+002 1.99812378e+002
    2.00889755e+002 2.02032883e+002 2.03059967e+002 2.04330765e+002
    2.05470032e+002 2.06539658e+002 2.07655716e+002 2.08709869e+002
    2.10075439e+002 2.11390717e+002 2.12607361e+002 2.13773697e+002
    2.15015472e+002 2.16150879e+002 2.17562866e+002 2.18965195e+002
    2.20355911e+002 2.21872345e+002 2.23382980e+002 2.24823990e+002
    2.26580276e+002 2.28506775e+002 2.30667313e+002 9.59288254e+001
    9.76604462e+001 9.90128326e+001 1.00084015e+002 1.00983665e+002
    1.02082848e+002 1.03042007e+002 1.03961494e+002 1.04736290e+002
    1.05508751e+002 1.06252045e+002 1.06962662e+002 1.07624275e+002
    1.08306885e+002 1.08870476e+002 1.09445740e+002 1.10019836e+002
    1.10506416e+002 1.11049011e+002 1.11579933e+002 1.12059509e+002
    1.12528587e+002 1.13016335e+002 1.13515755e+002 1.13990669e+002
    1.14483078e+002 1.14945160e+002 1.15360558e+002 1.15802803e+002
    1.16261375e+002 1.16731621e+002 1.17194870e+002 1.17663948e+002
    1.18100349e+002 1.18546089e+002 119. 1.19393234e+002 1.19849480e+002
    1.20331390e+002 1.20827309e+002 1.21297554e+002 1.21739792e+002
    1.22201866e+002 1.22686119e+002 1.23164528e+002 1.23655777e+002
    1.24147026e+002 1.24603271e+002 1.25143524e+002 1.25701286e+002
    1.26871643e+002 1.27507584e+002 1.28119019e+002 1.28683777e+002
    1.29242706e+002 1.29803970e+002 1.30417740e+002 1.31007004e+002
    1.31623108e+002 1.32242706e+002 1.32840149e+002 1.33523926e+002
    1.34213531e+002 1.34942825e+002 1.35702454e+002 1.36455078e+002
    1.37243881e+002 1.38098022e+002 1.39002335e+002 1.40077011e+002
    1.41119019e+002 1.42173859e+002 1.43540253e+002 1.45098022e+002
    1.47114349e+002 2.13591431e+002 2.16432541e+002 2.18499374e+002
    2.20042877e+002 2.21298859e+002 2.22668350e+002 2.24122314e+002
    2.25423706e+002 2.26525848e+002 2.27686005e+002 2.28679703e+002
